1              16.532         -14                    37
2              16.359         -17                    43
3              16.257         -20                    49
4              16.162         -23                    57
5              16.067         -27                    63
6              15.978         -32                    73
7              15.923         -35.5                    81
8              15.854         -41.5          93
9              15.809         -46.5          103
10             15.759         -53                    114
11             15.679         -66                    130
12             15.649         -71.5          135
13             15.576         -88                    142
14             15.540         -96                    142
15             15.513         -102.5         138
16             15.496         -106           136
17             15.463         -114           130
18             15.418         -123           120
19             15.375         -130           108
20             15.306         -139           91
21             15.253         -144           81
22             15.148         -151           65
23             15.069         -155           57
24             14.924         -161           43
25             14.755         -164           35
