1              16.459         -17                    39
2              16.258         -22                    49
3              16.125         -26                    57
4              15.987         -33                    71
5              15.908         -39                    81
6              15.845         -45                    91
7              15.798         -50                    102
8              15.748         -57                    111
9              15.711         -63                    118
10             15.672         -69                    123
11             15.634         -76                    128
12             15.594         -85                    132
13             15.551         -94                    133
14             15.513         -102           130
15             15.473         -110           124
16             15.416         -121           112
17             15.350         -132           98
18             15.277         -139           83
19             15.217         -144           73
20             15.140         -148           63
21             15.053         -153           55
22             14.972         -156           47
23             14.872         -158           41
24             14.763         -162           35
