0.3473 0.6961 1.0463 1.3979 1.7509 2.1053 2.4609 2.8179
0.6093 1.1135 1.5533 1.9483 2.3103 2.6485 2.9835 3.3196
0.3908 0.7826 1.1753 1.5690 1.9636 2.3592 2.7558 3.1533
0.9217 1.6290 2.2255 2.7513 3.2272 3.6856 4.1451 4.6064
0.3852 0.7712 1.1580 1.5455 1.9338 2.3228 2.7125 3.1533
1.1138 1.9313 2.6088 3.2004 3.7324 4.2218 4.6939 5.1667
0.4308 0.8633 1.2975 1.7335 2.1712 2.6106 3.0518 3.4948
0.8619 1.4959 2.0225 2.8962 3.2755 3.6286 3.9742 4.3208
0.4904 0.9833 1.4783 1.9755 2.4748 2.9762 3.4797 3.9854
0.8655 1.5240 2.0771 2.5636 3.0030 3.4071 3.7840 4.1539
